6380.47811	0.131177271257571
6380.57811	0.227102940177217
6380.67811	0.366477879898118
6380.77811	0.553945058472959
6380.87811	0.789917003831603
6380.97811	1.07047277270901
6381.07811	1.38774193709943
6381.17811	1.73061071755336
6381.27811	2.08590660397188
6381.37811	2.44024600905491
6381.47811	2.78237720687399
6381.57811	3.10539244293121
6381.67811	3.40795218642711
6381.77811	3.69388008077692
6381.87811	3.97016768583102
6381.97811	4.24423473679412
6382.07811	4.52163137878236
6382.17811	4.80495980204042
6382.27811	5.09401482400811
6382.37811	5.38662304306031
6382.47811	5.679625453064
6382.57811	5.96966815447251
6382.67811	6.25367347256731
6382.77811	6.52900579680177
6382.87811	6.79345588460716
6382.97811	7.04520694205638
6383.07811	7.28286888113769
6383.17811	7.50553782249307
6383.27811	7.71278397279831
6383.37811	7.90453391653173
6383.47811	8.08090985264386
6383.57811	8.24211863677604
6383.67811	8.38843214207849
6383.77811	8.52022959066196
6383.87811	8.63804824032265
6383.97811	8.74261777227789
6384.07811	8.83488464611659
6384.17811	8.91602413849874
6384.27811	8.98740989454353
6384.37811	9.05051182089512
6384.47811	9.10673501627068
6384.57811	9.15726204140326
6384.67811	9.20297586639624
6384.77811	9.24450052086629
6384.87811	9.28232073581633
6384.97811	9.31688970394713
6385.07811	9.34865545310707
6385.17811	9.37801426710458
6385.27811	9.40526086859029
6385.37811	9.4305964714243
6385.47811	9.45419547379642
6385.57811	9.47628089084674
6385.67811	9.49715702653559
6385.77811	9.51718395837579
6385.87811	9.53671563457379
6385.97811	9.55603768316221
6386.07811	9.5753318594406
6386.17811	9.59467443431589
6386.27811	9.61406042162659
6386.37811	9.63344107903226
6386.47811	9.65276407312933
6386.57811	9.67200693838821
6386.67811	9.69119489098496
6386.77811	9.71039799520919
6386.87811	9.72971088336845
6386.97811	9.74922641023229
6387.07811	9.76901704773276
6387.17811	9.78913164187243
6387.27811	9.80960393478885
6387.37811	9.83046158144439
6387.47811	9.85172612474034
6387.57811	9.87340281110559
6387.67811	9.89546639890747
6387.77811	9.9178507423205
6387.87811	9.94044801945401
6387.97811	9.9631216596299
6388.07811	9.98573438696659
6388.17811	10.0081857711623
6388.27811	10.0304443085061
6388.37811	10.0525565422412
6388.47811	10.074626068382
6388.57811	10.0967723330498
6388.67811	10.1190897253397
6388.77811	10.1416242553743
6388.87811	10.1643727548995
6388.97811	10.1872988113747
6389.07811	10.210356424963
6389.17811	10.233513732184
6389.27811	10.2567701033433
6389.37811	10.2801606107662
6389.47811	10.3037455628015
6389.57811	10.3275897491043
6389.67811	10.3517419122083
6389.77811	10.3762247770676
6389.87811	10.4010391517639
6389.97811	10.4261772268055
6390.07811	10.451636201507
6390.17811	10.4774250666192
6390.27811	10.5035620713894
6390.37811	10.5300653343925
6390.47811	10.5569422419054
6390.57811	10.5841830237989
6390.67811	10.6117603112498
6390.77811	10.6396321656529
6390.87811	10.6677443073286
6390.97811	10.696029950474
6391.07811	10.7244112342879
6391.17811	10.7528091106026
6391.27811	10.7811637715024
6391.37811	10.8094578178587
6391.47811	10.8377282843064
6391.57811	10.8660577655124
6391.67811	10.8945471574193
6391.77811	10.9232841664666
6391.87811	10.9523238364085
6391.97811	10.9816880861988
6392.07811	11.0113782235516
6392.17811	11.0413880223363
6392.27811	11.0717092794857
6392.37811	11.1023319051254
6392.47811	11.1332472795307
6392.57811	11.1644603224973
6392.67811	11.19600467499
6392.77811	11.2279470493543
6392.87811	11.2603707039502
6392.97811	11.2933429958921
6393.07811	11.3268862877368
6393.17811	11.3609726050069
6393.27811	11.3955478029644
6393.37811	11.4305707800003
6393.47811	11.4660425918222
6393.57811	11.5020070777291
6393.67811	11.5385236125905
6393.77811	11.5756303222939
6393.87811	11.6133207865898
6393.97811	11.6515466884776
6394.07811	11.6902413718132
6394.17811	11.7293472162799
6394.27811	11.7688303767948
6394.37811	11.8086775680545
6394.47811	11.84888256124
6394.57811	11.8894360012759
6394.67811	11.930327303078
6394.77811	11.9715558055798
6394.87811	12.0131394963953
6394.97811	12.0551109253867
6395.07811	12.0975004648626
6395.17811	12.1403181989203
6395.27811	12.1835481355975
6395.37811	12.2271596748474
6395.47811	12.2711279914449
6395.57811	12.3154478995011
6395.67811	12.3601307795545
6395.77811	12.4051876026397
6395.87811	12.4506128301725
6395.97811	12.4963848966697
6396.07811	12.5424874372657
6396.17811	12.5889390694444
6396.27811	12.6358106422228
6396.37811	12.6832149307922
6396.47811	12.7312713540867
6396.57811	12.780065681929
6396.67811	12.8296299063869
6396.77811	12.8799557919508
6396.87811	12.9310335788661
6396.97811	12.9828897926946
6397.07811	13.0355979934018
6397.17811	13.089254124038
6397.27811	13.1439317645112
6397.37811	13.1996462015964
6397.47811	13.2563504981012
6397.57811	13.3139652849759
6397.67811	13.3724218791377
6397.77811	13.4316911730881
6397.87811	13.4917824093912
6397.97811	13.5527167643648
6398.07811	13.6144962358853
6398.17811	13.6770892019457
6398.27811	13.7404407000527
6398.37811	13.8044982348825
6398.47811	13.8692355992647
6398.57811	13.9346625636854
6398.67811	14.0008205645259
6398.77811	14.0677728730664
6398.87811	14.1355968472498
6398.97811	14.2043788127796
6399.07811	14.2742065078368
6399.17811	14.34515561089
6399.27811	14.417274674154
6399.37811	14.4905796834368
6399.47811	14.5650681407261
6399.57811	14.64075167291
6399.67811	14.7176921901339
6399.77811	14.7960201488311
6399.87811	14.8759210352685
6399.97811	14.9575936782011
6400.07811	15.0411997239208
6400.17811	15.1268281902606
6400.27811	15.2144911924088
6400.37811	15.3041517675941
6400.47811	15.3957696291004
6400.57811	15.4893425445658
6400.67811	15.5849241061842
6400.77811	15.6826119611787
6400.87811	15.7825161381857
6400.97811	15.8847246175696
6401.07811	15.9892799766888
6401.17811	16.09617420762
6401.27811	16.2053664075145
6401.37811	16.3168274528212
6401.47811	16.4306065997669
6401.57811	16.5468948067295
6401.67811	16.666044982779
6401.77811	16.7885222645899
6401.87811	16.9147981631085
6401.97811	17.0452429362746
6402.07811	17.1800782016923
6402.17811	17.3194179704656
6402.27811	17.4633719247663
6402.37811	17.6121445146793
6402.47811	17.7660661510477
6402.57811	17.9255441260022
6402.67811	18.0909905041371
6402.77811	18.2628165448909
6402.87811	18.4415419841176
6402.97811	18.6279775809102
6403.07811	18.8233738051246
6403.17811	19.0294415183764
6403.27811	19.2482257369147
6403.37811	19.4818921424432
6403.47811	19.7325362111575
6403.57811	20.0021477270644
6403.67811	20.2928152240406
6403.77811	20.6070267014983
6403.87811	20.947512592024
6403.97811	21.3158298415627
6404.07811	21.7094056863103
6404.17811	22.1182355898653
6404.27811	22.5239014177078
6404.37811	22.9032782886912
6404.47811	23.2364218166148
6404.57811	23.5144072069322
6404.67811	23.7417762936341
6404.77811	23.9315698981331
6404.87811	24.0963409219218
6404.97811	24.2412737406875
6405.07811	24.3631901958565
6405.17811	24.4543392521807
6405.27811	24.5071133294141
6405.37811	24.5170873356651
6405.47811	24.4845182265199
6405.57811	24.4151138953578
6405.67811	24.3192661440243
6405.77811	24.2082621088999
6405.87811	24.0884401429678
6405.97811	23.9576198254068
6406.07811	23.8079745983227
6406.17811	23.6346478666518
6406.27811	23.4440650813736
6406.37811	23.2554836330032
6406.47811	23.0944436007622
6406.57811	22.9825696864333
6406.67811	22.929744637819
6406.77811	22.9318745248806
6406.87811	22.973808806577
6406.97811	23.0352335372536
6407.07811	23.097314317393
6407.17811	23.1479964724114
6407.27811	23.1839340254237
6407.37811	23.2081594242767
6407.47811	23.2250479164102
6407.57811	23.2359632857849
6407.67811	23.2381628983091
6407.77811	23.2266851645003
6407.87811	23.1968544048307
6407.97811	23.1455248080609
6408.07811	23.0711426124416
6408.17811	22.9737064853007
6408.27811	22.8548613705458
6408.37811	22.7171336147147
6408.47811	22.5616360920192
6408.57811	22.3854731726386
6408.67811	22.1814465875918
6408.77811	21.941554922004
6408.87811	21.6627749928517
6408.97811	21.3513940024041
6409.07811	21.022710085891
6409.17811	20.6957373620189
6409.27811	20.3855192324319
6409.37811	20.0969019034256
6409.47811	19.8227183205927
6409.57811	19.5472380119793
6409.67811	19.2535635130377
6409.77811	18.931835008527
6409.87811	18.5842235496421
6409.97811	18.2238926572532
6410.07811	17.8684391066272
6410.17811	17.5316600548357
6410.27811	17.2182640287681
6410.37811	16.9238248104027
6410.47811	16.6388855165991
6410.57811	16.3542968395608
6410.67811	16.0653433593768
6410.77811	15.7735091843623
6410.87811	15.4855660254214
6410.97811	15.2103138221979
6411.07811	14.9542791142109
6411.17811	14.7184701091814
6411.27811	14.4980300832327
6411.37811	14.2851224769784
6411.47811	14.0733837973691
6411.57811	13.8612121411425
6411.67811	13.6520133032344
6411.77811	13.4517010137982
6411.87811	13.2654398627878
6411.97811	13.0956142556747
6412.07811	12.9417074196708
6412.17811	12.8014680544957
6412.27811	12.6722898757024
6412.37811	12.5520688699049
6412.47811	12.4393830685479
6412.57811	12.333234022668
6412.67811	12.232701616255
6412.77811	12.1367753046276
6412.87811	12.0444396184608
6412.97811	11.9549103661058
6413.07811	11.867829472937
6413.17811	11.7832667581626
6413.27811	11.7015069582622
6413.37811	11.6227345780036
6413.47811	11.5467894715643
6413.57811	11.4731237339965
6413.67811	11.4009769423423
6413.77811	11.3296694595985
6413.87811	11.2588559343921
6413.97811	11.1886115784949
6414.07811	11.1193221134882
6414.17811	11.0514547609899
6414.27811	10.9853385318768
6414.37811	10.9210528171419
6414.47811	10.8584420606916
6414.57811	10.7971962861411
6414.67811	10.7369096525961
6414.77811	10.6770666042282
6414.87811	10.6169712001143
6414.97811	10.5556549154434
6415.07811	10.4917402630676
6415.17811	10.4231959491309
6415.27811	10.3470284481516
6415.37811	10.2591684854729
6415.47811	10.1548765796711
6415.57811	10.0297627370627
6415.67811	9.88115431686527
6415.77811	9.70927081436832
6415.87811	9.51753170105812
6415.97811	9.31147447139935
6416.07811	9.09642736528339
6416.17811	8.87499374375558
6416.27811	8.64576746466409
6416.37811	8.40414706018709
6416.47811	8.14507788140275
6416.57811	7.866561893746
6416.67811	7.5722075033592
6416.77811	7.27135645170121
6416.87811	6.97649093810052
6416.97811	6.69906409388938
6417.07811	6.44575819252823
6417.17811	6.2169613144535
6417.27811	6.00806838651464
6417.37811	5.81278416214967
6417.47811	5.62675012703366
6417.57811	5.44980639294883
6417.67811	5.28592659135475
6417.77811	5.14108703419349
6417.87811	5.02039436221058
6417.97811	4.92594551300329
6418.07811	4.85618348357513
6418.17811	4.80666869310199
6418.27811	4.77166321537739
6418.37811	4.74574122510872
6418.47811	4.72479593892628
6418.57811	4.70625878653705
6418.67811	4.68878222109103
6418.77811	4.67177447833621
6418.87811	4.65503387373913
6418.97811	4.63853331668248
6419.07811	4.62230363132329
6419.17811	4.60635997053445
6419.27811	4.59065069413233
6419.37811	4.57503777507363
6419.47811	4.55932378819089
6419.57811	4.54332355350066
6419.67811	4.52695261659146
6419.77811	4.51028781046882
6419.87811	4.49355907808983
6419.97811	4.47705936179717
6420.07811	4.46100233579546
6420.17811	4.44539470516547
6420.27811	4.4299953261225
6420.37811	4.41439711614823
6420.47811	4.39820527093953
6420.57811	4.38123024868274
6420.67811	4.36359804603914
6420.77811	4.34571596589397
6420.87811	4.32810506987613
6420.97811	4.3111830474565
6421.07811	4.29510852469991
6421.17811	4.27975793045178
6421.27811	4.26482275741002
6421.37811	4.24994460547987
6421.47811	4.23479416470395
6421.57811	4.2190521228341
6421.67811	4.20232053637442
6421.77811	4.18401550818112
6421.87811	4.16323930859704
6421.97811	4.13857067106934
6422.07811	4.10776469240377
6422.17811	4.06753674450608
6422.27811	4.01374397545991
6422.37811	3.94216544146938
6422.47811	3.84974530213748
6422.57811	3.73583198648365
6422.67811	3.60277204080184
6422.77811	3.45529453274579
6422.87811	3.29862603204028
6422.97811	3.13610218528066
6423.07811	2.96755262877127
6423.17811	2.78944356161153
6423.27811	2.59690490770314
6423.37811	2.38684236631285
6423.47811	2.1606755640668
6423.57811	1.92522175119762
6423.67811	1.69107262667123
6423.77811	1.46910657625766
6423.87811	1.26679406045138
6423.97811	1.08609948554935
6424.07811	0.923926271841836
6424.17811	0.774711256092147
6424.27811	0.633779371856143
6424.37811	0.499837925040351
6424.47811	0.375489929953179
6424.57811	0.265708776290899
6424.67811	0.175312836889908
6424.77811	0.106831992347112
6424.87811	0.0596248564851146
6424.97811	0.0303153003073068
6425.07811	0.0140855147514616
6425.17811	0.00613955475183026
6425.27811	0.00272167153200373
6425.37811	0.0014317138598206
6425.47811	0.000998974127580012
6425.57811	0.000861765840525885
6425.67811	0.000811820385070073
6425.77811	0.000784191177099616
6425.87811	0.000761864953978771
6425.97811	0.000741150284288064
6426.07811	0.000721428562378844
6426.17811	0.000702644068401401
6426.27811	0.000684793020887364
6426.37811	0.000667843361746547
6426.47811	0.000651735425029407
6426.57811	0.000636394704028887
6426.67811	0.000621742308324596
6426.77811	0.000607699945113709
6426.87811	0.000594189335391793
6426.97811	0.000581127599744597
6427.07811	0.000568421947179749
6427.17811	0.000555967167627416
6427.27811	0.00054364694510353
6427.37811	0.000531337259178971
6427.47811	0.000518909599638505
6427.57811	0.00050623311275823
6427.67811	0.000493176739938602
6427.77811	0.000479614103559929
6427.87811	0.00046543402110864
6427.97811	0.000450555952763157
6428.07811	0.00043494278812657
6428.17811	0.000418598820561403
6428.27811	0.000401545573891026
6428.37811	0.000383782306180452
6428.47811	0.000365251828216898
6428.57811	0.000345834288496222
6428.67811	0.000325378532280815
6428.77811	0.000303759699691714
6428.87811	0.000280935770394646
6428.97811	0.000256976426885715
6429.07811	0.0002320568988942
6429.17811	0.000206434333684455
6429.27811	0.000180433982972245
6429.37811	0.000154457563038802
6429.47811	0.000128999737744371
6429.57811	0.000104645349578547
6429.67811	8.20308341231432e-05
6429.77811	6.17747776420389e-05
6429.87811	4.4394039163598e-05
6429.97811	3.02203695015823e-05
6430.07811	1.93327137689979e-05
6430.17811	1.15284085367317e-05
6430.27811	6.35675360743993e-06
6430.37811	3.21611653891008e-06
6430.47811	1.48212835678444e-06
